0.06222925103236926
0.04954501848071237
0.08005241143131814
0.046822413424592875
0.03973341912641661
0.0952883470036861
0.09529340248072636
0.08909508482417072
0.05896615992456722
0.08930188313489547
0.05942066723369982
0.04601368686962456
0.11128280982416516
0.061639761987340544
0.03611337736674032
0.0537026589697721
0.08672479651250925
0.05081307037838675
0.06336646298409307
0.0744602673131472
0.10351782339977587
0.08549578023243677
0.02580990410114958
0.09317772493759767
0.02712793413944794
0.04264174365733035
0.07990882856635947
0.08103157997515584
0.07241325986882233
0.07543826418631402
0.06786929926977342
0.06034993427133555
0.051784639076532434
0.059951363913521336
0.0848354065847472
0.06713051476339892
0.06661649747655526
0.07184694847538041
0.05975104793312268
0.0482744410481459
0.08626560189561122
0.05320740321964654
0.061365227217902454
0.0670560419896716
0.07786275281528741
0.04652708592304638
0.04763532362790941
0.04470781390898469
0.09649470623695294
0.0966536534032961
0.0498314063490951
0.08959790225807125
0.05300622707619221
0.04855233563873621
0.06610323705116844
0.09872707145745901
0.08202937917728127
0.07856711124243702
0.13612701333198918
0.1147043455774201
0.13153613131233055
0.09649425114534119
0.07611690741030316
0.07618215878931506
0.07364800508551148
0.11435561885671454
0.09603962417035977
0.07948191559744532
0.05339174084998631
0.06217332394332317
0.08312283094080442
0.06230791492258016
0.0696553595672616
0.09895408438341238
0.07191791436751671
0.06288067961393243
0.06158254988403873
0.050944807738923945
0.024354798243287124
0.06500465067454178
0.07634387294273344
0.07820690503468285
0.0870837154181048
0.0746070581147224
0.053681527925633646
0.057341476115553826
0.07836051538247826
0.06470338521196625
0.0793701341532516
0.07305761424483373
0.060147308878919725
0.07325871436662497
0.11052343552845598
0.06216965850723115
0.059980618612514754
0.09056208965716367
0.05039604865195178
0.05076735242887116
0.06222714768283285
0.049497196807676024
0.05172227870907502
0.09110929640891316
0.09763130685357577
0.06818540356366475
0.08181451891118695
0.11228881627632649
0.07286433375981487
0.052625273287290435
0.05260997160292391
0.04939070685572038
0.09104983044432755
0.040787355176110485
0.10715768178756933
0.04842803544166935
0.05046206353582222
0.03778501150248197
0.07753960055054304
0.09874756539238017
0.08661701203781602
0.10303472224136118
0.0652682769505937
0.08787230182015542
0.0601827847252795
0.09149176796023824
0.0858401356320535
0.046798771553007365
0.10331827432095081
0.14576897533072497
0.05019017902572535
0.0854966514159298
0.052541674065649004
0.06987577333097318
0.07667537342164421
0.07071844193367705
0.06855037435644683
0.07603224374445036
0.08911707797931648
0.0527683152712747
0.09118350320484983
0.0733022370780478
0.058900365088757685
0.06989640064060337
0.05479932930411804
0.06777721767306433
0.08341135493712092
0.06483803758396037
0.05041237146640676
0.06714486292302212
0.06719810628165637
0.06566927417104257
0.09376665700675325
0.06631920018652546
0.09756728737634138
0.11881534155131368
0.09184177389372597
0.07275848271057632
0.08701687494906533
0.06209938672581516
0.10011275068594659
0.061474187428125326
0.04547093895409293
0.06816909186063516
0.05774317830460872
0.04350680912953745
0.07343404459988147
0.027617450018755284
0.0921824412475725
0.06588442060566665
0.07638095957685861
0.06342030152613141
0.10472950057461176
0.035901617184990145
0.09930999234429035
0.08031042895038698
0.08620226720953729
0.08044732579155758
0.056441222318868715
0.07283307385173211
0.08561862965505629
0.07384025057001915
0.08018488837275438
0.08997568288441621
0.07858640332141399
0.05251898016448345
0.06240071165908326
0.07030939692092711
0.12893317149372688
0.0786901126766247
0.06974343839345076
0.062250021300031357
0.06435139971821235
0.07305225393461334
0.07992404706691537
0.06175727853371063
0.07602781352348666
0.0667506776435538
0.08010253153543165
0.09132146130793758
0.07655874777704445
0.06340398907566541
0.045002933592543974
0.07977623629803839
0.05800389887970185
0.09536289731871334
0.05360471742941555
0.05792536047096479
0.09533855184162443
0.06192785404076355
0.07743617644164974
0.05839211907590543
0.04481908930808369
0.07898450030867173
0.058084695810105995
0.057560273074268906
0.06909230406228863
0.07814610886394929
0.07884172107949755
0.08658479557126164
0.037170454096071635
0.05294105332184612
0.08286261655618521
0.06394004979420861
0.04357169514138856
0.06871709612377748
0.11165591706744486
0.068106552076803
0.07030566597401437
0.06099974907353393
0.04483942731655369
0.056583791842974
0.07643782659929872
0.044859981729137105
0.10020738847823213
0.11304609248067352
0.0856897204558492
0.09665215938442831
0.07497974112342921
0.07238560261789556
0.08043891179667227
0.07231043527151874
0.06018259962089868
0.09515449030037063
0.07475164658222017
0.04740977922001216
0.06361500054986022
0.0624462980851048
0.12305284062865482
0.07974027915379935
0.04136762468269101
0.08357747893871244
0.0714635362884859
0.10202016353132001
0.07712844433034004
0.060456126760749546
0.05081677419901038
0.09406950262996597
0.08953859288299094
0.04699293347674186
0.07391068112083138
0.08333497027013817
0.05543896425145968
0.090729702067029
0.07162842774578879
0.061832527640101116
0.04088764276483166
0.06294462540347551
0.08728760200837617
0.06237977494570576
0.10287092743073928
0.06351213146292185
0.04155488954373017
0.07345953853660407
0.08523568642052669
0.07589803835037287
0.0754488619554741
0.07349881693827781
0.10925412056530681
0.05304608558931736
0.06544783861493195
0.06927671885710511
0.09089057728171365
0.04268305821643219
0.06757291022953878
0.07888274118291873
0.10248625023902198
0.06946113345943153
0.07772308691536307
0.07272102491259895
0.09178809677897257
0.05689936454898176
0.06433837119841072
0.06571187656750284
0.06381194914830868
0.08725903533142683
0.07033435219257977
0.11192900085018706
0.07249786301880708
0.09865131707871533
0.051773228713984945
0.07846635844275127
0.08075141236725086
0.04233028934048197
0.07331675660535675
0.07033500819213127
0.06593918879689728
0.05488793358244343
0.10712137120922138
0.1404079587034607
0.08259996493963126
0.06736599466543002
0.083203295649037
0.07315234526632047
0.08197426351268544
0.04740455465069973
0.05935325805472176
0.06239305611461156
0.03651935301480596
0.0902620679373155
0.03783653284089096
0.04683433985457698
0.1258081752515959
0.05853454841622062
0.06685836755229574
0.09002360616192007
0.09244546218870531
0.05617720029124892
0.09979006878196083
0.053942716368354585
0.09667715235193976
0.059672597935629554
0.05500370321851644
0.06552019137529702
0.07334035760493983
0.09935844804121141
0.11232640861684243
0.05812883784018088
0.047207183517667096
0.11141432397901269
0.07378645471144998
0.07164062292558439
0.10167067354621723
0.054387646522955364
0.09839941462501807
0.05927557884765887
0.08565555996716795
0.03160271309260274
0.05480968754516832
0.11607216650283841
0.08667377849221056
0.08075072020865204
0.06984343592044784
0.1014721744576481
0.054484857607892165
0.0615320575021214
0.06584645238668763
0.06118931066664669
0.06334704119939642
0.10349631288554126
0.06683403487563909
0.137647523092092
0.07712952641192958
0.08665407510630574
0.0671205248225297
0.0702318954961347
0.08828465630849841
0.11660066094869191
0.08428787437288153
0.09087734612471114
0.12082039939192449
0.09911793948292075
0.059669225686342225
0.06230941454510481
0.06875891410506207
0.08797059127480011
0.0972875507282738
0.03337951535128228
0.09816377160811735
0.06686318101759048
0.07908293827586409
0.06663689984567438
0.06376333303372092
0.07432854623422036
0.0522061578414611
0.06310198514344151
0.06910603962985196
0.14796238841648796
0.06992072008924989
0.07649665069631963
0.11955118733867191
0.04730065636785652
0.11359480039125781
0.05953104021161225
0.1203529885651807
0.05332070155289249
0.08487235547798842
0.04542394920710703
0.040524802280321764
0.06866844842330577
0.06536626203989536
0.04384317012480129
0.060837838564545235
0.03308733289095892
0.048737120638947085
0.0845403277914104
0.041594181267737666
0.04599928491756816
0.074160017120107
0.08186683383006652
0.07726897165912167
0.0653390908553871
0.09623201320003469
0.06753115411732939
0.057037237536055344
0.0494729310941944
0.0966333632188153
0.053015567593316194
0.06796063045883124
0.06770208875547815
0.06351607924348465
0.034068327596453
0.052377897588994735
0.06938981175573768
0.07896144408502333
0.076240111380473
0.059512772307574194
0.09759866416862129
0.09739604620750625
0.07671299161637123
0.09492665818792734
0.08803006536927557
0.06704666508422646
0.06526702385440236
0.0453716104108311
0.06012136351491121
0.06614500231756894
0.05231060044714651
0.05243059645461062
0.07097536517562872
0.06753005461725535
0.07247552608859473
0.1160861600763685
0.06400324688518585
0.04574603773953097
0.03677098159494256
0.07627827842607088
0.07293485207821337
0.07958927057350483
0.06874768010177532
0.061225358659445686
0.05341750841518522
0.08156329126871263
0.0994437081283827
0.04863006564719399
0.077922666689886
0.08303197959013738
0.06309258110615339
0.0817905207055167
0.07101780815817677
0.08403655875321205
0.07006072886106322
0.05791143136526995
0.08796212011656196
0.11619797746097749
0.15558387927521666
0.06558911253020243
0.07971868410932131
0.07831844062040591
0.11714120598106222
0.09136428037589565
0.05601861082161317
0.06940141383225105
0.07846189957759475
0.09870825476898536
0.07650927248042645
0.0812451269948798
0.10136364931947812
0.11873824609649958
0.075115562986937
0.07013019699608916
0.07619847327804083
0.0743930323849535
0.044385128514120784
0.08700465929427309
0.06669849466853661
0.03333663626257784
0.06386772260872194
0.037907891339298165
0.06408928324376065
0.07106231900416674
0.07265870652759326
0.06779100648398065
0.09951428670985059
0.0725540471813199
0.0616545495358205
0.07273772109359203
0.05831516585629576
0.08155401614282698
0.05694983344449804
0.08543312423613592
0.059815091163780504
0.06474284563512092
0.05925818957547345
0.08918147257193183
0.09752463038609203
0.08097992215666185
0.06666580124098091
0.07426003764517558
0.11496136203857102
0.06988542796191888
0.06407969448590393
0.1133166112478286
0.05377545407154974
0.060403502387434825
0.05416573465940358
0.06198025645890352
0.09894620960053613
0.06743565043843466
0.07381490371393389
0.09349745150742693
0.07689530190240824
0.0733451557913709
0.049908595777721845
0.0817622712889963
0.05264642176206054
0.06348456354399035
0.13025482324514684
0.054799034384852785
0.08274183934627397
0.0886821236027863
0.05312723450530216
0.05874066265054538
0.06091708716960665
0.08072187366689741
0.07795481309963091
0.09551794056751994
0.09028472840945587
0.07266135211805654
0.10828878040735214
0.044558944393746774
