800, 1000, 1300, 1330, 1340, 1345, 1348, 1348.5, 1348.5914, 1348.6, 1349, 1350, 1360, 1380, 1400, 1500, 2000
0.01, 0.1, 1, 1.3, 1.41, 1.412, 1.4125, 1.4130, 1.4134, 1.4135, 1.414, 1.415, 1.42, 1.50, 2, 5, 10
0.1, 2, 3, 3.2, 3.28, 3.282, 3.283, 3.284, 3.2845, 3.285, 3.286, 3.287, 3.29, 3.3, 3.5, 4, 10
0.1, 1, 5, 5.6, 5.7, 5.793, 5.794, 5.795, 5.7953, 5.7955, 5.796, 5.797, 5.8, 5.9, 6, 10, 20
1, 10, 50, 90, 98, 99, 99.99, 99.993, 99.994, 99.9945, 99.995, 100, 101, 110, 150, 200, 400
0.1, 1, 4, 5, 5.1, 5.13, 5.132, 5.1325, 5.1327, 5.133, 5.134, 5.14, 5.15, 5.5, 6, 10, 20
0.1, 1, 5, 7, 8, 8.4, 8.45, 8.452, 8.4521, 8.4525, 8.453, 8.455, 8.46, 8.5, 9, 10, 20
1e-5, 5e-5, 1e-4, 1e-3, 2e-3, 3e-3, 3.2e-3, 3.25e-3, 3.27e-3, 3.28e-3, 3.3e-3, 3.5e-3, 5e-3, 0.01, 0.1
0.01, 0.05, 0.1, 0.5, 0.6, 0.603, 0.604, 0.6046, 0.60462, 0.60465, 0.6047, 0.605, 0.61, 0.65, 0.7, 1, 5
3, 3.5, 3.95, 3.958, 3.968, 3.9685, 3.9695, 4, 5
1e-5, 5e-5, 1e-4, 5e-4, 1e-3, 1.5e-3, 1.7e-3, 1.72e-3, 1.722e-3, 1.725e-3, 1.73e-3, 1.8e-3, 2e-3, 0.01, 0.1, 1, 5
0.0005, 0.001, 0.002, 0.0025, 0.002801, 0.0029, 0.003, 0.004, 0.005
0.001, 0.01, 0.05, 0.1, 0.12, 0.126, 0.1268, 0.12683, 0.126835, 0.12684, 0.12685, 0.1269, 0.127, 0.13, 0.2, 1, 5