0.13173233058839146, 0.08980831745953836, 0.07947924031693916, 0.078939974607749, 0.08220740758925758, 0.07977563212882362, 0.07912900030657989, 0.08133517777514408, 0.0833589044318577, 0.08299116447460193, 0.08415801332829839, 0.07918734205331796, 0.08057201813694206, 0.07970126599793115, 0.0823019358478849, 0.12362171139212302, 0.3173812016159666
7.0422437926593595, 6.580890114886474, 0.1276407015983866, 0.08778848866218283, 0.08274187124209406, 0.08422220312038625, 0.08277871570018318, 0.08415910705308281, 0.08415173107877462, 0.08415147953335216, 0.0841597668694829, 0.079626081398844, 0.07911725673820187, 0.07930267446452956, 0.1941973300267498, 4.4685042470458605, 4.369057789699256 
1.4496396956820488, 0.09918412682951425, 0.08421253187522248, 0.08444249843687239, 0.08415246022569733, 0.08415183744165008, 0.08415163914024634, 0.08415151598363563, 0.0841514825264492, 0.08415146778568239, 0.08415149436067923, 0.08415159552336568, 0.0841523446916498, 0.08415961462895528, 0.08534677643657054, 0.0834818037694546, 0.10038834209415899 
4.952050394428009, 0.10440390822837321, 0.07888506841352241, 0.08144094100937818, 0.07884890977516473, 0.08415189977318668, 0.0841511654860288, 0.08415125885054982, 0.0841514481266012, 0.08415161564011871, 0.08415217902822257, 0.08415392518126494, 0.08416411112604147, 0.07975403006573882, 0.08274504715760267, 0.10838053814256356, 0.09300958656079558
1.0144611038719895, 0.3013096462064939, 0.1750616107641568, 0.08583972131500782, 0.08419383955813899, 0.08418052693647181, 0.08415207662442907, 0.08415162585725924, 0.08415148001337731, 0.08415140791859307, 0.08415133637522873, 0.08415065126660631, 0.08320525047646012, 0.08201967309463909, 0.08192181180203076, 0.09201871905145381, 1.4616958830200009 
1.0048344421350102, 1.0913782507159162, 0.24322525599527217, 0.08490286688920075, 0.08226326922926532, 0.08366054964000921, 0.08416747250992856, 0.08415419124334642, 0.08415192768182703, 0.08415180107884523, 0.08417973430514358, 0.08177576765880012, 0.08202879523583773, 0.08168099393678585, 0.09779223185899796, 0.3239216725845203, 0.7876713587753303
1.0604639954058739, 0.9073632256227978, 0.18303076497315407, 0.09413286793175298, 0.08572237195863677, 0.08075563153971844, 0.0841625359142593, 0.08396105263473047, 0.08415168706739436, 0.08415090647174127, 0.08415050930797924, 0.08415534876455535, 0.08421243391919471, 0.08082440886571272, 0.07815866430846449, 0.09601802723030307, 0.1277216410593121
0.10832989305576801, 0.11578357041295143, 0.09868421615263126, 0.09082014894753276, 0.08440775619331686, 0.07910617317188635, 0.07895534617110941, 0.07897543583836192, 0.07931524995922351, 0.0789342213946013, 0.07903113513940233, 0.08033830355465851, 0.08386550579305818, 0.1400546183042672, 1.8374668892135757
1.3808075546298526, 0.7141605855206883, 0.38127411815515144, 0.08587997263018653, 0.07918239676988112, 0.08233828583421851, 0.08023032830021312, 0.07907617170488476, 0.08415149045029685, 0.07889001876586461, 0.07901290090334442, 0.08415191661370122, 0.08156447298592678, 0.08019671425863309, 0.07978864702001348, 0.09027598490118152, 0.47790046164232336 
0.08415069700161375, 0.0841509887001763, 0.07951627099047572, 0.07911965693188218, 0.08123163590078333, 0.07897313846064796, 0.07911965693188218, 0.0841515331846007, 0.08415304779861738 
0.0841406178111345, 0.08414082401067993, 0.08414108494735952, 0.08414329994266766, 0.08414638749763294, 0.08414982937885515, 0.08413478574344598, 0.08415145608252295, 0.0841514711854904, 0.08415149385058227, 0.08415153165408962, 0.08415206462514925, 0.08415362568477468, 0.08426264802382875, 0.08262470421342254, 0.09161658720064925, 0.4016427399753753 
0.10979241710693302, 0.08876276521810589, 0.08445542555893054, 0.08351175512268358, 0.07842505761996042, 0.07913615772960206, 0.08159027310520678, 0.14583691411361185, 0.1962335102874241
0.48660420237578317, 0.40714159338164035, 0.1736035208793559, 0.09337420919294272, 0.07949681640168886, 0.08192949569975586, 0.08204472896228229, 0.08203371810346416, 0.08326703986365151, 0.08268159887149854, 0.08298867958643703, 0.08196766327917138, 0.08223562377420983, 0.08301729799167287, 0.11981453632304492, 0.5606599095782162, 4.139286233221874

